crossing time (s)	slope (V/s)	crossing number
281474976710655.000000	165.934570	529	0.000000
281474976710655.000000	Inf	530	0.000000
281474976710655.000000	123.862389	531	0.000000
281474976710655.000000	55.482468	532	0.000000
281474976710655.000000	101.484520	533	0.000000
281474976710655.000000	36.536797	534	0.000000
281474976710655.000000	40.388512	535	0.000000
281474976710655.000000	24.613350	536	0.000000
281474976710655.000000	23.839041	537	0.000000
281474976710655.000000	16.771084	538	0.000000
281474976710655.000000	13.237809	539	0.000000
281474976710655.000000	9.959197	540	0.000000
281474976710655.000000	8.902772	541	0.000000
281474976710655.000000	5.624523	542	0.000000
