crossing time (s)	slope (V/s)	crossing number
281474976710655.000000	124.077087	553	0.000000
281474976710655.000000	91.430344	554	0.000000
281474976710655.000000	78.118202	555	0.000000
281474976710655.000000	61.830544	556	0.000000
281474976710655.000000	55.906586	557	0.000000
281474976710655.000000	29.411654	558	0.000000
281474976710655.000000	24.958574	559	0.000000
281474976710655.000000	21.884954	560	0.000000
281474976710655.000000	16.484064	561	0.000000
281474976710655.000000	11.153355	562	0.000000
281474976710655.000000	9.314566	563	0.000000
