crossing time (s)	slope (V/s)	crossing number
281474976710655.000000	-95.473198	281	0.000000
281474976710655.000000	-72.797539	282	0.000000
281474976710655.000000	-75.676788	283	0.000000
281474976710655.000000	-38.435482	284	0.000000
281474976710655.000000	-24.122019	285	0.000000
281474976710655.000000	-17.980721	286	0.000000
281474976710655.000000	-13.074336	287	0.000000
281474976710655.000000	-9.494514	288	0.000000
281474976710655.000000	-6.576238	289	0.000000
281474976710655.000000	-4.599782	290	0.000000
281474976710655.000000	-3.047375	291	0.000000
281474976710655.000000	-2.198975	292	0.000000
