crossing time (s)	slope (V/s)	crossing number
281474976710655.000000	29.142326	9189	0.000000
281474976710655.000000	32.092468	9190	0.000000
281474976710655.000000	32.125896	9191	0.000000
281474976710655.000000	28.287487	9192	0.000000
281474976710655.000000	24.272589	9193	0.000000
281474976710655.000000	37.289562	9194	0.000000
281474976710655.000000	28.208216	9195	0.000000
281474976710655.000000	27.102549	9196	0.000000
281474976710655.000000	25.284147	9197	0.000000
281474976710655.000000	27.717419	9198	0.000000
281474976710655.000000	33.388535	9199	0.000000
281474976710655.000000	27.864197	9200	0.000000
281474976710655.000000	26.522820	9201	0.000000
281474976710655.000000	23.522226	9202	0.000000
281474976710655.000000	26.474800	9203	0.000000
281474976710655.000000	24.191244	9204	0.000000
281474976710655.000000	27.415327	9205	0.000000
281474976710655.000000	27.363770	9206	0.000000
281474976710655.000000	23.892950	9207	0.000000
281474976710655.000000	23.233984	9208	0.000000
281474976710655.000000	27.003963	9209	0.000000
281474976710655.000000	24.411230	9210	0.000000
281474976710655.000000	25.523130	9211	0.000000
281474976710655.000000	24.292709	9212	0.000000
281474976710655.000000	21.214003	9213	0.000000
281474976710655.000000	24.755198	9214	0.000000
281474976710655.000000	24.901525	9215	0.000000
281474976710655.000000	20.987509	9216	0.000000
281474976710655.000000	24.114283	9217	0.000000
281474976710655.000000	22.792250	9218	0.000000
281474976710655.000000	22.288815	9219	0.000000
281474976710655.000000	23.337074	9220	0.000000
281474976710655.000000	22.368479	9221	0.000000
281474976710655.000000	23.708241	9222	0.000000
281474976710655.000000	22.811659	9223	0.000000
281474976710655.000000	23.350405	9224	0.000000
281474976710655.000000	21.981155	9225	0.000000
281474976710655.000000	20.811760	9226	0.000000
281474976710655.000000	22.317944	9227	0.000000
281474976710655.000000	21.470547	9228	0.000000
281474976710655.000000	21.084072	9229	0.000000
281474976710655.000000	20.073513	9230	0.000000
281474976710655.000000	20.945019	9231	0.000000
281474976710655.000000	19.705553	9232	0.000000
281474976710655.000000	19.920744	9233	0.000000
281474976710655.000000	18.040110	9234	0.000000
281474976710655.000000	19.622257	9235	0.000000
281474976710655.000000	19.011770	9236	0.000000
281474976710655.000000	19.325565	9237	0.000000
281474976710655.000000	19.569738	9238	0.000000
281474976710655.000000	18.572393	9239	0.000000
281474976710655.000000	18.961809	9240	0.000000
281474976710655.000000	18.893391	9241	0.000000
281474976710655.000000	17.503075	9242	0.000000
281474976710655.000000	18.299879	9243	0.000000
281474976710655.000000	17.731686	9244	0.000000
281474976710655.000000	17.245199	9245	0.000000
281474976710655.000000	17.007158	9246	0.000000
281474976710655.000000	17.725201	9247	0.000000
281474976710655.000000	17.265514	9248	0.000000
281474976710655.000000	17.115585	9249	0.000000
281474976710655.000000	17.014771	9250	0.000000
281474976710655.000000	16.791670	9251	0.000000
281474976710655.000000	16.381721	9252	0.000000
281474976710655.000000	15.275528	9253	0.000000
281474976710655.000000	16.639135	9254	0.000000
281474976710655.000000	16.166689	9255	0.000000
281474976710655.000000	16.430683	9256	0.000000
281474976710655.000000	15.495768	9257	0.000000
281474976710655.000000	15.607072	9258	0.000000
281474976710655.000000	14.751759	9259	0.000000
281474976710655.000000	14.772322	9260	0.000000
281474976710655.000000	15.225121	9261	0.000000
281474976710655.000000	15.686996	9262	0.000000
281474976710655.000000	15.081071	9263	0.000000
281474976710655.000000	14.519897	9264	0.000000
281474976710655.000000	13.979806	9265	0.000000
281474976710655.000000	14.118355	9266	0.000000
281474976710655.000000	14.918138	9267	0.000000
281474976710655.000000	13.440362	9268	0.000000
281474976710655.000000	13.667760	9269	0.000000
281474976710655.000000	13.718187	9270	0.000000
281474976710655.000000	13.619256	9271	0.000000
281474976710655.000000	14.155724	9272	0.000000
281474976710655.000000	12.488856	9273	0.000000
281474976710655.000000	13.380582	9274	0.000000
281474976710655.000000	14.308659	9275	0.000000
281474976710655.000000	12.987578	9276	0.000000
281474976710655.000000	12.526302	9277	0.000000
281474976710655.000000	12.128449	9278	0.000000
281474976710655.000000	13.256231	9279	0.000000
281474976710655.000000	12.133595	9280	0.000000
281474976710655.000000	12.815784	9281	0.000000
281474976710655.000000	12.421730	9282	0.000000
281474976710655.000000	12.643339	9283	0.000000
281474976710655.000000	11.832970	9284	0.000000
281474976710655.000000	11.587749	9285	0.000000
281474976710655.000000	11.287264	9286	0.000000
281474976710655.000000	11.787508	9287	0.000000
281474976710655.000000	11.375170	9288	0.000000
281474976710655.000000	11.161099	9289	0.000000
281474976710655.000000	10.541348	9290	0.000000
281474976710655.000000	11.278499	9291	0.000000
281474976710655.000000	10.792676	9292	0.000000
281474976710655.000000	10.738704	9293	0.000000
281474976710655.000000	10.439878	9294	0.000000
281474976710655.000000	10.523843	9295	0.000000
281474976710655.000000	10.348158	9296	0.000000
281474976710655.000000	10.134572	9297	0.000000
281474976710655.000000	10.203099	9298	0.000000
281474976710655.000000	10.254109	9299	0.000000
281474976710655.000000	9.940405	9300	0.000000
281474976710655.000000	9.839463	9301	0.000000
281474976710655.000000	10.125353	9302	0.000000
281474976710655.000000	9.698441	9303	0.000000
281474976710655.000000	9.632313	9304	0.000000
281474976710655.000000	9.667748	9305	0.000000
281474976710655.000000	9.716096	9306	0.000000
281474976710655.000000	9.484180	9307	0.000000
281474976710655.000000	9.379143	9308	0.000000
281474976710655.000000	9.080931	9309	0.000000
281474976710655.000000	9.082745	9310	0.000000
281474976710655.000000	8.771538	9311	0.000000
281474976710655.000000	8.880110	9312	0.000000
281474976710655.000000	8.857105	9313	0.000000
281474976710655.000000	8.794699	9314	0.000000
281474976710655.000000	8.660109	9315	0.000000
281474976710655.000000	8.195761	9316	0.000000
281474976710655.000000	8.263912	9317	0.000000
281474976710655.000000	8.296609	9318	0.000000
281474976710655.000000	8.013694	9319	0.000000
281474976710655.000000	8.151362	9320	0.000000
281474976710655.000000	7.893818	9321	0.000000
281474976710655.000000	7.772212	9322	0.000000
281474976710655.000000	7.871450	9323	0.000000
281474976710655.000000	7.779203	9324	0.000000
281474976710655.000000	7.542370	9325	0.000000
281474976710655.000000	7.525050	9326	0.000000
281474976710655.000000	7.533190	9327	0.000000
281474976710655.000000	7.347246	9328	0.000000
281474976710655.000000	7.235365	9329	0.000000
281474976710655.000000	7.291296	9330	0.000000
281474976710655.000000	7.191236	9331	0.000000
281474976710655.000000	7.061632	9332	0.000000
281474976710655.000000	6.825182	9333	0.000000
281474976710655.000000	7.079888	9334	0.000000
281474976710655.000000	6.912024	9335	0.000000
281474976710655.000000	6.758583	9336	0.000000
281474976710655.000000	6.666245	9337	0.000000
281474976710655.000000	6.764225	9338	0.000000
281474976710655.000000	6.558467	9339	0.000000
281474976710655.000000	6.611829	9340	0.000000
281474976710655.000000	6.460989	9341	0.000000
281474976710655.000000	6.514266	9342	0.000000
281474976710655.000000	6.388515	9343	0.000000
281474976710655.000000	6.410464	9344	0.000000
281474976710655.000000	6.352026	9345	0.000000
281474976710655.000000	6.085919	9346	0.000000
281474976710655.000000	6.160295	9347	0.000000
281474976710655.000000	6.033969	9348	0.000000
281474976710655.000000	5.983297	9349	0.000000
281474976710655.000000	5.935337	9350	0.000000
281474976710655.000000	5.816171	9351	0.000000
281474976710655.000000	5.871777	9352	0.000000
281474976710655.000000	5.764946	9353	0.000000
281474976710655.000000	5.844499	9354	0.000000
281474976710655.000000	5.789762	9355	0.000000
281474976710655.000000	5.549427	9356	0.000000
281474976710655.000000	5.428081	9357	0.000000
281474976710655.000000	5.475245	9358	0.000000
281474976710655.000000	5.481210	9359	0.000000
281474976710655.000000	5.264486	9360	0.000000
281474976710655.000000	5.297133	9361	0.000000
281474976710655.000000	5.181685	9362	0.000000
281474976710655.000000	5.204209	9363	0.000000
281474976710655.000000	5.090699	9364	0.000000
281474976710655.000000	5.053749	9365	0.000000
281474976710655.000000	4.973333	9366	0.000000
281474976710655.000000	4.985025	9367	0.000000
281474976710655.000000	4.816660	9368	0.000000
281474976710655.000000	4.836090	9369	0.000000
281474976710655.000000	4.716775	9370	0.000000
281474976710655.000000	4.694103	9371	0.000000
281474976710655.000000	4.630260	9372	0.000000
281474976710655.000000	4.571256	9373	0.000000
281474976710655.000000	4.487286	9374	0.000000
281474976710655.000000	4.485385	9375	0.000000
281474976710655.000000	4.419772	9376	0.000000
281474976710655.000000	4.341588	9377	0.000000
281474976710655.000000	4.216670	9378	0.000000
281474976710655.000000	4.296565	9379	0.000000
281474976710655.000000	4.157903	9380	0.000000
281474976710655.000000	4.160043	9381	0.000000
281474976710655.000000	4.090495	9382	0.000000
281474976710655.000000	4.065227	9383	0.000000
281474976710655.000000	3.971457	9384	0.000000
281474976710655.000000	3.990597	9385	0.000000
281474976710655.000000	3.953279	9386	0.000000
281474976710655.000000	3.890137	9387	0.000000
281474976710655.000000	3.793438	9388	0.000000
281474976710655.000000	3.810747	9389	0.000000
281474976710655.000000	3.817516	9390	0.000000
281474976710655.000000	3.720753	9391	0.000000
281474976710655.000000	3.667957	9392	0.000000
281474976710655.000000	3.661749	9393	0.000000
281474976710655.000000	3.557323	9394	0.000000
281474976710655.000000	3.566197	9395	0.000000
281474976710655.000000	3.542520	9396	0.000000
281474976710655.000000	3.473963	9397	0.000000
281474976710655.000000	3.394578	9398	0.000000
281474976710655.000000	3.495169	9399	0.000000
281474976710655.000000	3.317931	9400	0.000000
281474976710655.000000	3.247402	9401	0.000000
281474976710655.000000	3.238759	9402	0.000000
281474976710655.000000	3.227858	9403	0.000000
281474976710655.000000	3.202962	9404	0.000000
281474976710655.000000	3.217179	9405	0.000000
281474976710655.000000	3.127997	9406	0.000000
281474976710655.000000	3.077858	9407	0.000000
281474976710655.000000	2.999609	9408	0.000000
281474976710655.000000	2.949671	9409	0.000000
281474976710655.000000	2.973461	9410	0.000000
281474976710655.000000	2.942288	9411	0.000000
281474976710655.000000	2.863637	9412	0.000000
281474976710655.000000	2.893717	9413	0.000000
281474976710655.000000	2.816717	9414	0.000000
281474976710655.000000	2.814588	9415	0.000000
281474976710655.000000	2.773190	9416	0.000000
281474976710655.000000	2.721455	9417	0.000000
281474976710655.000000	2.707823	9418	0.000000
281474976710655.000000	2.716363	9419	0.000000
281474976710655.000000	2.671647	9420	0.000000
281474976710655.000000	2.629609	9421	0.000000
281474976710655.000000	2.631950	9422	0.000000
281474976710655.000000	2.570072	9423	0.000000
281474976710655.000000	2.585887	9424	0.000000
281474976710655.000000	2.556737	9425	0.000000
281474976710655.000000	2.533043	9426	0.000000
