crossing time (s)	slope (V/s)	crossing number
281474976710655.000000	42.157593	10405	0.000000
281474976710655.000000	43.251545	10406	0.000000
281474976710655.000000	42.387112	10407	0.000000
281474976710655.000000	32.379150	10408	0.000000
281474976710655.000000	35.689407	10409	0.000000
281474976710655.000000	35.489273	10410	0.000000
281474976710655.000000	40.415504	10411	0.000000
281474976710655.000000	43.845978	10412	0.000000
281474976710655.000000	36.297432	10413	0.000000
281474976710655.000000	34.440601	10414	0.000000
281474976710655.000000	38.800522	10415	0.000000
281474976710655.000000	49.168167	10416	0.000000
281474976710655.000000	33.068855	10417	0.000000
281474976710655.000000	28.111769	10418	0.000000
281474976710655.000000	36.534859	10419	0.000000
281474976710655.000000	42.935143	10420	0.000000
281474976710655.000000	36.025822	10421	0.000000
281474976710655.000000	35.786465	10422	0.000000
281474976710655.000000	32.023262	10423	0.000000
281474976710655.000000	43.680592	10424	0.000000
281474976710655.000000	38.356895	10425	0.000000
281474976710655.000000	36.060585	10426	0.000000
281474976710655.000000	39.139561	10427	0.000000
281474976710655.000000	33.636883	10428	0.000000
281474976710655.000000	36.683361	10429	0.000000
281474976710655.000000	41.243816	10430	0.000000
281474976710655.000000	41.154083	10431	0.000000
281474976710655.000000	38.871315	10432	0.000000
281474976710655.000000	30.479572	10433	0.000000
281474976710655.000000	30.287912	10434	0.000000
281474976710655.000000	39.792854	10435	0.000000
281474976710655.000000	32.414032	10436	0.000000
281474976710655.000000	27.537010	10437	0.000000
281474976710655.000000	32.451679	10438	0.000000
281474976710655.000000	27.366047	10439	0.000000
281474976710655.000000	26.465582	10440	0.000000
281474976710655.000000	28.191935	10441	0.000000
281474976710655.000000	29.986521	10442	0.000000
281474976710655.000000	26.071899	10443	0.000000
281474976710655.000000	27.196341	10444	0.000000
281474976710655.000000	30.321836	10445	0.000000
281474976710655.000000	29.492241	10446	0.000000
281474976710655.000000	26.348993	10447	0.000000
281474976710655.000000	31.118511	10448	0.000000
281474976710655.000000	25.803244	10449	0.000000
281474976710655.000000	28.433964	10450	0.000000
281474976710655.000000	24.994524	10451	0.000000
281474976710655.000000	26.767456	10452	0.000000
281474976710655.000000	27.194349	10453	0.000000
281474976710655.000000	22.562704	10454	0.000000
281474976710655.000000	28.725731	10455	0.000000
281474976710655.000000	27.431969	10456	0.000000
281474976710655.000000	28.214727	10457	0.000000
281474976710655.000000	27.348253	10458	0.000000
281474976710655.000000	26.194460	10459	0.000000
281474976710655.000000	25.081669	10460	0.000000
281474976710655.000000	21.906406	10461	0.000000
281474976710655.000000	26.111406	10462	0.000000
281474976710655.000000	25.369755	10463	0.000000
281474976710655.000000	23.025307	10464	0.000000
281474976710655.000000	24.538763	10465	0.000000
281474976710655.000000	21.805334	10466	0.000000
281474976710655.000000	23.568274	10467	0.000000
281474976710655.000000	23.328728	10468	0.000000
281474976710655.000000	20.536261	10469	0.000000
281474976710655.000000	23.369053	10470	0.000000
281474976710655.000000	22.391489	10471	0.000000
281474976710655.000000	21.862938	10472	0.000000
281474976710655.000000	20.576508	10473	0.000000
281474976710655.000000	24.210873	10474	0.000000
281474976710655.000000	22.651978	10475	0.000000
281474976710655.000000	24.676760	10476	0.000000
281474976710655.000000	19.648417	10477	0.000000
281474976710655.000000	21.321760	10478	0.000000
281474976710655.000000	22.384655	10479	0.000000
281474976710655.000000	21.756424	10480	0.000000
281474976710655.000000	22.113060	10481	0.000000
281474976710655.000000	20.717981	10482	0.000000
281474976710655.000000	20.991039	10483	0.000000
281474976710655.000000	19.901648	10484	0.000000
281474976710655.000000	18.911400	10485	0.000000
281474976710655.000000	19.222622	10486	0.000000
281474976710655.000000	19.387661	10487	0.000000
281474976710655.000000	18.619431	10488	0.000000
281474976710655.000000	18.773659	10489	0.000000
281474976710655.000000	17.951382	10490	0.000000
281474976710655.000000	18.790359	10491	0.000000
281474976710655.000000	18.382456	10492	0.000000
281474976710655.000000	17.639507	10493	0.000000
281474976710655.000000	18.142279	10494	0.000000
281474976710655.000000	17.761503	10495	0.000000
281474976710655.000000	17.603876	10496	0.000000
281474976710655.000000	17.756010	10497	0.000000
281474976710655.000000	16.933599	10498	0.000000
281474976710655.000000	17.352560	10499	0.000000
281474976710655.000000	17.277733	10500	0.000000
281474976710655.000000	16.842730	10501	0.000000
281474976710655.000000	16.470652	10502	0.000000
281474976710655.000000	17.038441	10503	0.000000
281474976710655.000000	16.929964	10504	0.000000
281474976710655.000000	16.633785	10505	0.000000
281474976710655.000000	16.284224	10506	0.000000
281474976710655.000000	15.789081	10507	0.000000
281474976710655.000000	15.898157	10508	0.000000
281474976710655.000000	16.191010	10509	0.000000
281474976710655.000000	15.681825	10510	0.000000
281474976710655.000000	14.897656	10511	0.000000
281474976710655.000000	15.285933	10512	0.000000
281474976710655.000000	13.992218	10513	0.000000
281474976710655.000000	15.440791	10514	0.000000
281474976710655.000000	14.115852	10515	0.000000
281474976710655.000000	14.120358	10516	0.000000
281474976710655.000000	13.924554	10517	0.000000
281474976710655.000000	14.378072	10518	0.000000
281474976710655.000000	14.436167	10519	0.000000
281474976710655.000000	14.369152	10520	0.000000
281474976710655.000000	13.545906	10521	0.000000
281474976710655.000000	13.244904	10522	0.000000
281474976710655.000000	14.058857	10523	0.000000
281474976710655.000000	14.612582	10524	0.000000
281474976710655.000000	13.227984	10525	0.000000
281474976710655.000000	13.208640	10526	0.000000
281474976710655.000000	12.925257	10527	0.000000
281474976710655.000000	13.201940	10528	0.000000
281474976710655.000000	12.577659	10529	0.000000
281474976710655.000000	12.707582	10530	0.000000
281474976710655.000000	12.510125	10531	0.000000
281474976710655.000000	11.792951	10532	0.000000
281474976710655.000000	12.341013	10533	0.000000
281474976710655.000000	11.756786	10534	0.000000
281474976710655.000000	11.537509	10535	0.000000
281474976710655.000000	12.143916	10536	0.000000
281474976710655.000000	11.516837	10537	0.000000
281474976710655.000000	11.736311	10538	0.000000
281474976710655.000000	11.298734	10539	0.000000
281474976710655.000000	11.306589	10540	0.000000
281474976710655.000000	10.480979	10541	0.000000
281474976710655.000000	10.600590	10542	0.000000
281474976710655.000000	11.506969	10543	0.000000
281474976710655.000000	10.984459	10544	0.000000
281474976710655.000000	10.822514	10545	0.000000
281474976710655.000000	10.473701	10546	0.000000
281474976710655.000000	10.407700	10547	0.000000
281474976710655.000000	9.752041	10548	0.000000
281474976710655.000000	10.134355	10549	0.000000
281474976710655.000000	10.215661	10550	0.000000
281474976710655.000000	10.264133	10551	0.000000
281474976710655.000000	9.938500	10552	0.000000
281474976710655.000000	9.876443	10553	0.000000
281474976710655.000000	9.793513	10554	0.000000
281474976710655.000000	9.665957	10555	0.000000
281474976710655.000000	9.325543	10556	0.000000
281474976710655.000000	9.551159	10557	0.000000
281474976710655.000000	8.734249	10558	0.000000
281474976710655.000000	9.340021	10559	0.000000
281474976710655.000000	9.569508	10560	0.000000
281474976710655.000000	8.668055	10561	0.000000
281474976710655.000000	8.956568	10562	0.000000
281474976710655.000000	9.188065	10563	0.000000
281474976710655.000000	8.870965	10564	0.000000
281474976710655.000000	9.037514	10565	0.000000
281474976710655.000000	9.246052	10566	0.000000
281474976710655.000000	8.426559	10567	0.000000
281474976710655.000000	8.346426	10568	0.000000
281474976710655.000000	8.088839	10569	0.000000
281474976710655.000000	7.879447	10570	0.000000
281474976710655.000000	8.363290	10571	0.000000
281474976710655.000000	8.023667	10572	0.000000
281474976710655.000000	7.602745	10573	0.000000
281474976710655.000000	7.742953	10574	0.000000
281474976710655.000000	7.805926	10575	0.000000
281474976710655.000000	7.428442	10576	0.000000
281474976710655.000000	7.563511	10577	0.000000
281474976710655.000000	7.447419	10578	0.000000
281474976710655.000000	7.164119	10579	0.000000
281474976710655.000000	7.462775	10580	0.000000
281474976710655.000000	6.887418	10581	0.000000
281474976710655.000000	7.093495	10582	0.000000
281474976710655.000000	7.085002	10583	0.000000
281474976710655.000000	7.052277	10584	0.000000
281474976710655.000000	7.045613	10585	0.000000
281474976710655.000000	6.977119	10586	0.000000
281474976710655.000000	6.904247	10587	0.000000
281474976710655.000000	6.669610	10588	0.000000
281474976710655.000000	6.770900	10589	0.000000
281474976710655.000000	6.594664	10590	0.000000
281474976710655.000000	6.758962	10591	0.000000
281474976710655.000000	6.331069	10592	0.000000
281474976710655.000000	6.398942	10593	0.000000
281474976710655.000000	6.296753	10594	0.000000
281474976710655.000000	6.122348	10595	0.000000
281474976710655.000000	6.435044	10596	0.000000
281474976710655.000000	6.404596	10597	0.000000
281474976710655.000000	6.100469	10598	0.000000
281474976710655.000000	6.097004	10599	0.000000
281474976710655.000000	6.154543	10600	0.000000
281474976710655.000000	6.020105	10601	0.000000
281474976710655.000000	5.556371	10602	0.000000
281474976710655.000000	5.529169	10603	0.000000
281474976710655.000000	5.982491	10604	0.000000
281474976710655.000000	5.479281	10605	0.000000
281474976710655.000000	5.635613	10606	0.000000
281474976710655.000000	5.649723	10607	0.000000
281474976710655.000000	5.628468	10608	0.000000
281474976710655.000000	5.537002	10609	0.000000
281474976710655.000000	5.562568	10610	0.000000
281474976710655.000000	5.128186	10611	0.000000
281474976710655.000000	5.297520	10612	0.000000
281474976710655.000000	5.146794	10613	0.000000
281474976710655.000000	5.257999	10614	0.000000
281474976710655.000000	4.784233	10615	0.000000
281474976710655.000000	4.967723	10616	0.000000
281474976710655.000000	4.914421	10617	0.000000
281474976710655.000000	4.948849	10618	0.000000
281474976710655.000000	4.768250	10619	0.000000
281474976710655.000000	4.683895	10620	0.000000
281474976710655.000000	4.725853	10621	0.000000
281474976710655.000000	4.619770	10622	0.000000
281474976710655.000000	4.577530	10623	0.000000
281474976710655.000000	4.535525	10624	0.000000
281474976710655.000000	4.600136	10625	0.000000
281474976710655.000000	4.354061	10626	0.000000
281474976710655.000000	4.393247	10627	0.000000
281474976710655.000000	4.275505	10628	0.000000
281474976710655.000000	4.353490	10629	0.000000
281474976710655.000000	4.160075	10630	0.000000
281474976710655.000000	4.367877	10631	0.000000
281474976710655.000000	4.159301	10632	0.000000
281474976710655.000000	4.120725	10633	0.000000
281474976710655.000000	4.095236	10634	0.000000
281474976710655.000000	4.166223	10635	0.000000
281474976710655.000000	3.976449	10636	0.000000
281474976710655.000000	4.010577	10637	0.000000
281474976710655.000000	3.857522	10638	0.000000
281474976710655.000000	3.922295	10639	0.000000
281474976710655.000000	3.811278	10640	0.000000
281474976710655.000000	3.810201	10641	0.000000
281474976710655.000000	3.750636	10642	0.000000
281474976710655.000000	3.761107	10643	0.000000
281474976710655.000000	3.645064	10644	0.000000
281474976710655.000000	3.676562	10645	0.000000
281474976710655.000000	3.702590	10646	0.000000
281474976710655.000000	3.560539	10647	0.000000
281474976710655.000000	3.466943	10648	0.000000
281474976710655.000000	3.532155	10649	0.000000
281474976710655.000000	3.496948	10650	0.000000
281474976710655.000000	3.406668	10651	0.000000
281474976710655.000000	3.361495	10652	0.000000
281474976710655.000000	3.411644	10653	0.000000
281474976710655.000000	3.319060	10654	0.000000
281474976710655.000000	3.176462	10655	0.000000
281474976710655.000000	3.170419	10656	0.000000
281474976710655.000000	3.159070	10657	0.000000
281474976710655.000000	3.070286	10658	0.000000
281474976710655.000000	3.030332	10659	0.000000
281474976710655.000000	3.052185	10660	0.000000
281474976710655.000000	2.982985	10661	0.000000
281474976710655.000000	2.949498	10662	0.000000
281474976710655.000000	2.880941	10663	0.000000
281474976710655.000000	2.828533	10664	0.000000
281474976710655.000000	2.837020	10665	0.000000
281474976710655.000000	2.769977	10666	0.000000
281474976710655.000000	2.764271	10667	0.000000
281474976710655.000000	2.753211	10668	0.000000
281474976710655.000000	2.746920	10669	0.000000
281474976710655.000000	2.728933	10670	0.000000
281474976710655.000000	2.665746	10671	0.000000
281474976710655.000000	2.678120	10672	0.000000
281474976710655.000000	2.653755	10673	0.000000
281474976710655.000000	2.617470	10674	0.000000
281474976710655.000000	2.588681	10675	0.000000
281474976710655.000000	2.595064	10676	0.000000
281474976710655.000000	2.548155	10677	0.000000
281474976710655.000000	2.470049	10678	0.000000
281474976710655.000000	2.509549	10679	0.000000
281474976710655.000000	2.486189	10680	0.000000
