crossing time (s)	slope (V/s)	crossing number
281474976710655.000000	Inf	503	0.000000
281474976710655.000000	114.571510	504	0.000000
281474976710655.000000	89.823517	505	0.000000
281474976710655.000000	77.684410	506	0.000000
281474976710655.000000	45.839588	507	0.000000
281474976710655.000000	32.817715	508	0.000000
281474976710655.000000	30.274519	509	0.000000
281474976710655.000000	25.893198	510	0.000000
281474976710655.000000	18.848763	511	0.000000
281474976710655.000000	14.126501	512	0.000000
281474976710655.000000	10.462475	513	0.000000
281474976710655.000000	8.188711	514	0.000000
281474976710655.000000	5.683002	515	0.000000
281474976710655.000000	4.431273	516	0.000000
