crossing time (s)	slope (V/s)	crossing number
281474976710655.000000	-90.239410	248	0.000000
281474976710655.000000	-96.585503	249	0.000000
281474976710655.000000	-42.136387	250	0.000000
281474976710655.000000	-59.525635	251	0.000000
281474976710655.000000	-32.979298	252	0.000000
281474976710655.000000	-30.629158	253	0.000000
281474976710655.000000	-18.378939	254	0.000000
281474976710655.000000	-13.909409	255	0.000000
281474976710655.000000	-10.512785	256	0.000000
281474976710655.000000	-7.581320	257	0.000000
281474976710655.000000	-5.097646	258	0.000000
281474976710655.000000	-3.836982	259	0.000000
281474976710655.000000	-2.489448	260	0.000000
281474976710655.000000	-1.837096	261	0.000000
