crossing time (s)	slope (V/s)	crossing number
281474976710655.000000	-122.229790	264	0.000000
281474976710655.000000	-68.648216	265	0.000000
281474976710655.000000	-38.587898	266	0.000000
281474976710655.000000	-74.411209	267	0.000000
281474976710655.000000	-37.554714	268	0.000000
281474976710655.000000	-28.069527	269	0.000000
281474976710655.000000	-19.025585	270	0.000000
281474976710655.000000	-15.311601	271	0.000000
281474976710655.000000	-10.267087	272	0.000000
281474976710655.000000	-7.819654	273	0.000000
281474976710655.000000	-5.196925	274	0.000000
281474976710655.000000	-3.831688	275	0.000000
281474976710655.000000	-2.561152	276	0.000000
281474976710655.000000	-1.864534	277	0.000000
